time(s) = 1000000 t9 = 9.9999933333388944e-05 rho(g/cc) = 1.4999970000044999e-09 
    1      2  7.1844e-13  1.4369e-12
    1      3  3.8580e-16  1.1574e-15
    2      3  5.8138e-17  1.7442e-16
    3      6  1.1673e-14  7.0037e-14
    3      7  1.6644e-14  1.1651e-13
    4      7  1.2495e-18  8.7468e-18
    4      9  4.5257e-17  4.0731e-16
    5     10  7.8451e-15  7.8451e-14
    5     11  5.0824e-14  5.5907e-13
    6     12  6.7874e-09  8.1449e-08
    6     13  5.2409e-13  6.8131e-12
    6     14  3.3939e-07  4.7515e-06
    7     14  6.4204e-12  8.9886e-11
    7     15  4.2476e-05  6.3714e-04
    8     16  5.6350e-07  9.0161e-06
    8     17  1.3728e-08  2.3338e-07
    8     18  1.5375e-07  2.7675e-06
    9     19  2.6685e-06  5.0701e-05
   10     20  4.2350e-06  8.4700e-05
   10     21  1.1572e-06  2.4302e-05
   10     22  5.3663e-07  1.1806e-05
   11     22  9.7498e-19  2.1450e-17
   11     23  1.6772e-06  3.8575e-05
   11     24  6.0254e-12  1.4461e-10
   12     24  1.4040e-06  3.3696e-05
   12     25  1.3545e-06  3.3862e-05
   12     26  3.2241e-07  8.3828e-06
   12     28  2.2472e-11  6.2922e-10
   13     26  7.1798e-19  1.8668e-17
   13     27  1.8958e-07  5.1186e-06
   13     28  4.0064e-14  1.1218e-12
   14     28  1.7454e-07  4.8871e-06
   14     29  1.1690e-07  3.3901e-06
   14     30  1.3109e-07  3.9327e-06
   14     32  8.9193e-08  2.8542e-06
   15     31  6.3906e-08  1.9811e-06
   15     32  9.8088e-12  3.1388e-10
   15     33  7.6220e-08  2.5153e-06
   16     32  3.0546e-12  9.7748e-11
   16     33  2.8347e-08  9.3544e-07
   16     34  3.1068e-07  1.0563e-05
   16     35  2.4131e-07  8.4459e-06
   16     36  8.0536e-08  2.8993e-06
   17     35  2.3194e-08  8.1178e-07
   17     36  1.1976e-16  4.3115e-15
   17     37  1.0993e-07  4.0672e-06
   18     38  3.6038e-08  1.3695e-06
   18     39  5.1174e-08  1.9958e-06
   18     40  1.3385e-07  5.3539e-06
   18     42  3.6376e-07  1.5278e-05
   19     39  4.1576e-12  1.6215e-10
   19     41  1.1279e-07  4.6245e-06
   19     42  1.5530e-11  6.5227e-10
   19     43  6.6986e-11  2.8804e-09
   20     42  2.2715e-10  9.5402e-09
   20     43  3.0066e-07  1.2928e-05
   20     44  2.4710e-07  1.0872e-05
   20     45  4.1409e-07  1.8634e-05
   20     46  3.9166e-07  1.8016e-05
   20     47  7.0175e-08  3.2982e-06
   20     48  2.1005e-07  1.0083e-05
   21     45  2.0980e-08  9.4411e-07
   21     46  2.4298e-17  1.1177e-15
   21     47  9.1220e-08  4.2873e-06
   21     48  3.3163e-16  1.5918e-14
   22     46  2.5608e-18  1.1780e-16
   22     47  2.4596e-07  1.1560e-05
   22     48  2.5523e-14  1.2251e-12
   22     49  1.9860e-08  9.7316e-07
   22     50  3.6632e-08  1.8316e-06
   23     51  2.8630e-08  1.4601e-06
   24     52  3.7102e-08  1.9293e-06
   24     53  7.3445e-08  3.8926e-06
   24     54  4.7171e-08  2.5472e-06
   25     55  4.7612e-08  2.6186e-06
   26     56  3.1121e-08  1.7427e-06
   26     57  4.8470e-08  2.7628e-06
   26     58  4.4985e-08  2.6092e-06
   26     59  4.7360e-08  2.7942e-06
   26     60  5.0750e-08  3.0450e-06
   27     59  9.3631e-09  5.5242e-07
   27     60  1.1039e-15  6.6236e-14
   28     60  3.7353e-18  2.2412e-16
   28     61  4.4619e-08  2.7217e-06
   28     62  8.1064e-08  5.0260e-06
   28     63  8.0428e-08  5.0669e-06
   28     64  3.9765e-08  2.5450e-06
   28     66  1.6313e-09  1.0767e-07
   29     63  1.7477e-11  1.1010e-09
   29     65  6.2343e-08  4.0523e-06
   29     66  2.5461e-12  1.6805e-10
   29     67  3.5110e-09  2.3524e-07
   30     64  3.5212e-19  2.2536e-17
   30     66  5.1373e-08  3.3906e-06
   30     67  7.2810e-08  4.8783e-06
   30     68  6.2182e-08  4.2284e-06
   30     70  7.0816e-08  4.9572e-06
   30     72  1.4131e-09  1.0175e-07
   31     69  8.8163e-08  6.0832e-06
   31     71  1.1895e-07  8.4454e-06
   31     72  6.1771e-10  4.4475e-08
   32     70  2.0043e-13  1.4030e-11
   32     71  7.4858e-19  5.3149e-17
   32     72  8.3161e-08  5.9876e-06
   32     73  8.9848e-08  6.5589e-06
   32     74  1.5141e-07  1.1205e-05
   32     76  1.2489e-06  9.4918e-05
   32     77  1.0432e-13  8.0324e-12
   33     75  5.4767e-07  4.1075e-05
   33     76  4.2024e-18  3.1938e-16
   33     77  1.2350e-08  9.5094e-07
   34     76  2.9277e-12  2.2251e-10
   34     77  1.1378e-06  8.7613e-05
   34     78  2.6755e-05  2.0869e-03
   34     79  3.7711e-05  2.9792e-03
   34     80  1.1925e-05  9.5404e-04
   34     82  2.6025e-06  2.1340e-04
   35     79  2.8055e-12  2.2163e-10
   35     81  8.3670e-06  6.7773e-04
   35     82  1.8138e-14  1.4873e-12
   36     80  5.7123e-20  4.5699e-18
   36     82  3.5169e-10  2.8839e-08
   36     83  1.9725e-06  1.6372e-04
   36     84  3.2542e-06  2.7335e-04
   36     85  1.6598e-06  1.4108e-04
   36     86  1.7877e-06  1.5374e-04
   37     85  3.3962e-09  2.8868e-07
   37     86  3.5586e-17  3.0604e-15
   37     87  2.0404e-06  1.7751e-04
   38     86  1.9108e-17  1.6433e-15
   38     87  9.2417e-19  8.0403e-17
   38     88  9.9701e-07  8.7737e-05
   38     89  3.7034e-07  3.2960e-05
   38     90  3.5447e-07  3.1902e-05
   38     91  1.5342e-15  1.3962e-13
   39     89  6.3512e-08  5.6526e-06
   39     90  8.5205e-11  7.6685e-09
   39     91  2.1107e-07  1.9207e-05
   39     93  1.6882e-15  1.5700e-13
   40     90  1.8422e-10  1.6580e-08
   40     91  2.9310e-08  2.6672e-06
   40     92  2.0263e-07  1.8642e-05
   40     93  1.0323e-07  9.6006e-06
   40     94  5.6626e-08  5.3229e-06
   40     95  1.2195e-07  1.1586e-05
   40     96  8.5944e-08  8.2506e-06
   40     97  1.9136e-12  1.8562e-10
   41     93  1.3333e-15  1.2400e-13
   41     95  1.4489e-08  1.3765e-06
   41     96  6.2145e-20  5.9659e-18
   41     97  1.4804e-13  1.4360e-11
   42     95  1.7736e-09  1.6850e-07
   42     96  1.9226e-16  1.8457e-14
   42     97  1.2828e-07  1.2443e-05
   42     98  1.3113e-07  1.2850e-05
   42     99  1.1145e-08  1.1033e-06
   42    100  1.8939e-07  1.8939e-05
   43     99  1.8872e-07  1.8683e-05
   44     99  1.4056e-14  1.3916e-12
   44    100  2.3865e-13  2.3865e-11
   44    101  1.9872e-07  2.0071e-05
   44    102  1.9630e-07  2.0023e-05
   44    103  3.6457e-07  3.7550e-05
   44    104  3.8171e-07  3.9698e-05
   44    106  4.5644e-07  4.8383e-05
   45    103  8.2631e-08  8.5110e-06
   45    105  3.5380e-09  3.7149e-07
   45    106  4.2799e-13  4.5367e-11
   46    104  6.3299e-15  6.5830e-13
   46    105  6.5736e-07  6.9023e-05
   46    106  9.9617e-09  1.0559e-06
   46    107  7.0961e-07  7.5928e-05
   46    108  5.0086e-07  5.4093e-05
   46    109  1.6889e-12  1.8409e-10
   46    110  1.1175e-06  1.2293e-04
   46    112  2.1924e-10  2.4555e-08
   47    107  2.3941e-15  2.5617e-13
   47    109  1.2241e-06  1.3343e-04
   47    111  9.5011e-07  1.0546e-04
   47    112  3.8467e-11  4.3083e-09
   47    113  1.5260e-20  1.7244e-18
   48    110  1.1346e-12  1.2480e-10
   48    111  1.8213e-06  2.0216e-04
   48    112  1.6247e-06  1.8197e-04
   48    113  2.1889e-06  2.4735e-04
   48    114  2.2386e-06  2.5520e-04
   48    115  2.1123e-08  2.4291e-06
   48    116  9.1883e-07  1.0658e-04
   49    115  7.2479e-07  8.3351e-05
   50    116  1.6448e-14  1.9080e-12
   50    117  1.5172e-06  1.7751e-04
   50    118  8.7147e-07  1.0283e-04
   50    119  6.2137e-07  7.3943e-05
   50    120  4.7558e-07  5.7070e-05
   50    121  9.3820e-10  1.1352e-07
   50    122  4.6265e-07  5.6444e-05
   50    123  8.5144e-07  1.0473e-04
   50    124  6.7305e-07  8.3459e-05
   50    125  1.4766e-06  1.8458e-04
   50    126  6.5154e-06  8.2094e-04
   51    121  1.0005e-06  1.2106e-04
   51    122  6.8885e-14  8.4040e-12
   51    123  5.4350e-08  6.6850e-06
   51    124  1.4975e-14  1.8569e-12
   51    125  1.9010e-06  2.3763e-04
   51    126  1.1381e-12  1.4340e-10
   51    127  1.5178e-06  1.9277e-04
   51    128  3.8954e-14  4.9861e-12
   52    122  1.1825e-12  1.4426e-10
   52    123  1.1292e-19  1.3890e-17
   52    124  2.2851e-15  2.8335e-13
   52    125  8.6598e-09  1.0825e-06
   52    126  7.8365e-13  9.8739e-11
   52    127  1.7091e-07  2.1706e-05
   52    128  1.9297e-05  2.4700e-03
   52    130  1.8583e-04  2.4158e-02
   52    132  5.3356e-05  7.0430e-03
   53    127  1.0047e-05  1.2760e-03
   53    129  1.2715e-04  1.6402e-02
   53    131  5.8966e-05  7.7246e-03
   53    132  1.6399e-06  2.1647e-04
   53    133  4.4489e-08  5.9170e-06
   53    135  6.0271e-16  8.1366e-14
   54    128  2.4071e-16  3.0811e-14
   54    129  1.7288e-13  2.2302e-11
   54    130  2.6468e-12  3.4409e-10
   54    131  1.0019e-04  1.3124e-02
   54    132  5.8375e-04  7.7055e-02
   54    133  9.2451e-05  1.2296e-02
   54    134  3.5485e-04  4.7550e-02
   54    135  2.7071e-12  3.6546e-10
   54    136  1.7727e-04  2.4109e-02
   55    133  2.6076e-04  3.4682e-02
   55    134  1.1054e-14  1.4812e-12
   55    135  3.1544e-04  4.2584e-02
   55    136  4.5632e-13  6.2060e-11
   55    137  8.2772e-05  1.1340e-02
   56    134  1.1775e-16  1.5779e-14
   56    135  2.7656e-12  3.7336e-10
   56    136  3.8513e-13  5.2377e-11
   56    137  6.0458e-08  8.2828e-06
   56    138  1.9304e-04  2.6639e-02
   56    140  1.3912e-05  1.9477e-03
   57    139  3.6369e-05  5.0553e-03
   57    140  2.0767e-06  2.9074e-04
   58    140  1.0103e-05  1.4144e-03
   58    141  6.1973e-06  8.7381e-04
   58    142  3.5447e-06  5.0335e-04
   58    143  9.4621e-09  1.3531e-06
   58    144  1.7214e-06  2.4788e-04
   59    141  1.6893e-06  2.3819e-04
   59    143  1.7620e-06  2.5196e-04
   59    144  7.2775e-11  1.0480e-08
   59    145  2.3019e-19  3.3377e-17
   60    142  1.6704e-17  2.3720e-15
   60    143  1.1027e-06  1.5769e-04
   60    144  4.9110e-08  7.0719e-06
   60    145  1.5181e-06  2.2012e-04
   60    146  8.5115e-07  1.2427e-04
   60    147  6.0929e-07  8.9565e-05
   60    148  1.1417e-06  1.6897e-04
   60    150  1.3720e-06  2.0580e-04
   61    147  6.4923e-07  9.5437e-05
   61    148  4.7487e-18  7.0280e-16
   61    149  2.1879e-08  3.2600e-06
   61    151  1.6264e-09  2.4558e-07
   62    147  3.0626e-09  4.5020e-07
   62    148  1.6255e-17  2.4058e-15
   62    149  7.4404e-07  1.1086e-04
   62    150  3.8399e-16  5.7598e-14
   62    151  1.2566e-06  1.8974e-04
   62    152  2.4016e-06  3.6504e-04
   62    153  2.8462e-08  4.3546e-06
   62    154  6.5081e-07  1.0022e-04
   62    156  1.5127e-14  2.3598e-12
   63    151  2.6164e-10  3.9507e-08
   63    153  1.6828e-06  2.5747e-04
   63    154  4.7955e-15  7.3851e-13
   63    155  1.1820e-06  1.8321e-04
   63    156  2.3119e-06  3.6066e-04
   63    157  1.3840e-11  2.1729e-09
   64    154  1.2277e-17  1.8907e-15
   64    155  5.4634e-09  8.4682e-07
   64    156  1.5077e-06  2.3521e-04
   64    157  2.8153e-06  4.4200e-04
   64    158  1.2590e-06  1.9892e-04
   64    159  2.0644e-10  3.2824e-08
   64    160  8.1916e-06  1.3107e-03
   65    159  4.9772e-06  7.9138e-04
   65    160  1.1998e-14  1.9196e-12
   65    161  3.0006e-06  4.8310e-04
   66    160  1.4065e-15  2.2504e-13
   66    161  6.5750e-06  1.0586e-03
   66    162  1.3940e-05  2.2583e-03
   66    163  1.6465e-05  2.6837e-03
   66    164  1.7703e-05  2.9033e-03
   66    166  9.6164e-07  1.5963e-04
   67    165  1.4934e-05  2.4641e-03
   67    166  4.6617e-07  7.7384e-05
   68    166  8.5602e-06  1.4210e-03
   68    167  1.2959e-05  2.1641e-03
   68    168  1.4445e-05  2.4267e-03
   68    169  3.0673e-06  5.1838e-04
   68    170  1.0149e-05  1.7253e-03
   68    171  3.8344e-16  6.5568e-14
   68    172  1.9704e-07  3.3891e-05
   69    169  4.1239e-06  6.9694e-04
   69    170  2.0505e-15  3.4858e-13
   69    171  8.3414e-06  1.4264e-03
   69    172  1.2051e-06  2.0727e-04
   69    173  3.0191e-15  5.2230e-13
   70    170  1.3190e-16  2.2424e-14
   70    171  9.2175e-08  1.5762e-05
   70    172  8.0418e-06  1.3832e-03
   70    173  9.3472e-06  1.6171e-03
   70    174  1.1881e-05  2.0673e-03
   70    175  1.1378e-06  1.9912e-04
   70    176  1.0336e-05  1.8191e-03
   71    175  6.4762e-06  1.1333e-03
   71    176  1.0696e-16  1.8825e-14
   71    177  2.6810e-06  4.7453e-04
   72    177  6.1389e-06  1.0866e-03
   72    178  1.5999e-05  2.8479e-03
   72    179  8.1730e-06  1.4630e-03
   72    180  1.1473e-05  2.0651e-03
   72    181  8.0293e-06  1.4533e-03
   72    182  1.1561e-05  2.1041e-03
   73    181  1.6723e-06  3.0269e-04
   73    182  2.7598e-14  5.0229e-12
   73    183  1.1510e-06  2.1063e-04
   73    184  1.2207e-14  2.2461e-12
   74    182  9.8461e-16  1.7920e-13
   74    183  4.3028e-06  7.8741e-04
   74    184  6.9567e-06  1.2800e-03
   74    185  2.1783e-06  4.0299e-04
   74    186  3.8551e-06  7.1704e-04
   74    187  7.2694e-10  1.3594e-07
   74    188  3.1071e-06  5.8414e-04
   75    185  2.4425e-07  4.5187e-05
   75    186  8.6513e-20  1.6091e-17
   75    187  1.8283e-06  3.4188e-04
   75    188  3.1856e-08  5.9890e-06
   75    189  1.5301e-09  2.8918e-07
   76    186  6.0325e-19  1.1221e-16
   76    187  8.0978e-19  1.5143e-16
   76    188  3.4644e-07  6.5131e-05
   76    189  3.4743e-06  6.5664e-04
   76    190  1.0161e-05  1.9307e-03
   76    191  5.0439e-06  9.6338e-04
   76    192  3.3521e-05  6.4361e-03
   76    193  9.5835e-08  1.8496e-05
   76    194  1.2742e-04  2.4720e-02
   77    191  3.4391e-06  6.5686e-04
   77    192  1.3436e-15  2.5797e-13
   77    193  5.1663e-05  9.9709e-03
   77    194  4.6804e-08  9.0800e-06
   78    192  1.4680e-16  2.8185e-14
   78    194  4.2130e-07  8.1732e-05
   78    195  2.5785e-04  5.0280e-02
   78    196  2.6472e-04  5.1886e-02
   78    197  1.9654e-08  3.8718e-06
   78    198  1.0779e-04  2.1343e-02
   78    200  7.5624e-13  1.5125e-10
   78    202  2.1725e-09  4.3884e-07
   79    197  2.3742e-04  4.6771e-02
   79    198  5.0714e-14  1.0041e-11
   79    199  2.0832e-06  4.1456e-04
   79    200  5.1601e-14  1.0320e-11
   79    202  3.9055e-13  7.8892e-11
   80    198  9.1396e-13  1.8096e-10
   80    199  2.4091e-05  4.7941e-03
   80    200  1.6684e-06  3.3368e-04
   80    201  1.6465e-07  3.3094e-05
   80    202  1.6276e-07  3.2877e-05
   80    203  8.0969e-08  1.6437e-05
   80    204  6.9754e-08  1.4230e-05
   80    205  2.3352e-20  4.7872e-18
   81    203  1.5185e-08  3.0825e-06
   81    204  2.9894e-16  6.0984e-14
   81    205  3.2492e-08  6.6609e-06
   82    204  1.6951e-18  3.4580e-16
   82    206  5.1041e-08  1.0514e-05
   82    207  4.5567e-08  9.4324e-06
   82    208  1.5284e-07  3.1792e-05
   82    210  2.3466e-07  4.9279e-05
   82    212  8.9919e-15  1.9063e-12
   83    209  1.4497e-07  3.0300e-05
   83    210  1.1552e-10  2.4259e-08
   83    211  2.0421e-09  4.3088e-07
   83    212  1.5614e-15  3.3102e-13
   84    210  1.1661e-10  2.4489e-08
   84    211  3.0374e-07  6.4088e-05
   84    212  2.6079e-07  5.5288e-05
   84    213  4.4226e-07  9.4202e-05
   84    214  4.5420e-07  9.7200e-05
   84    215  3.2971e-11  7.0888e-09
   84    216  3.5231e-07  7.6099e-05
   84    218  2.3536e-07  5.1309e-05
   85    215  1.7796e-07  3.8261e-05
   85    217  4.7715e-11  1.0354e-08
   85    218  3.7990e-10  8.2819e-08
   85    219  5.3527e-19  1.1722e-16
   86    217  5.5980e-17  1.2148e-14
   86    218  8.8645e-15  1.9325e-12
   86    219  3.3728e-13  7.3865e-11
   86    220  3.7325e-12  8.2115e-10
   86    222  4.0975e-08  9.0964e-06
   87    221  2.9611e-11  6.5441e-09
   87    223  6.3088e-15  1.4069e-12
   88    221  4.3689e-15  9.6553e-13
   88    223  8.4146e-08  1.8765e-05
   88    224  2.1076e-08  4.7211e-06
   88    225  1.9063e-07  4.2892e-05
   88    226  6.0663e-07  1.3710e-04
   88    228  8.5608e-07  1.9519e-04
   89    225  8.9598e-08  2.0160e-05
   89    226  2.3728e-18  5.3625e-16
   89    227  2.3791e-07  5.4005e-05
   89    228  1.0455e-10  2.3837e-08
   90    226  3.4599e-20  7.8193e-18
   90    227  1.9163e-10  4.3501e-08
   90    228  3.1671e-09  7.2210e-07
   90    229  2.9178e-07  6.6817e-05
   90    230  3.1511e-07  7.2476e-05
   90    231  7.1142e-07  1.6434e-04
   90    232  1.0645e-06  2.4696e-04
   90    233  9.9998e-07  2.3300e-04
   90    234  1.4385e-06  3.3661e-04
   90    235  1.1301e-06  2.6557e-04
   90    236  1.6137e-06  3.8084e-04
   90    237  1.3603e-06  3.2240e-04
   90    238  1.5162e-06  3.6085e-04
   90    239  1.5196e-06  3.6318e-04
   90    240  1.2685e-06  3.0444e-04
   90    241  9.8489e-07  2.3736e-04
   90    242  8.9686e-07  2.1704e-04
   90    243  4.3821e-07  1.0649e-04
   90    244  7.3606e-07  1.7960e-04
   90    245  2.4721e-07  6.0566e-05
   90    246  6.1171e-07  1.5048e-04
   90    247  2.6849e-07  6.6317e-05
   90    248  7.0152e-07  1.7398e-04
   90    249  2.3725e-07  5.9076e-05
   90    250  7.7122e-07  1.9280e-04
   90    251  2.3440e-07  5.8835e-05
   90    252  8.7970e-07  2.2168e-04
   90    253  1.1288e-07  2.8560e-05
   90    254  2.9093e-07  7.3896e-05
   90    255  2.1922e-08  5.5902e-06
   90    256  4.5799e-08  1.1725e-05
   90    257  7.3852e-09  1.8980e-06
   90    258  2.4343e-07  6.2805e-05
   90    259  1.4414e-07  3.7333e-05
   90    260  6.0636e-07  1.5765e-04
   90    261  3.7298e-08  9.7347e-06
   90    262  6.3258e-07  1.6574e-04
   90    263  8.0366e-12  2.1136e-09
   90    264  1.4877e-09  3.9275e-07
   90    265  9.3916e-11  2.4888e-08
   90    266  2.0956e-08  5.5743e-06
   90    267  7.4021e-11  1.9764e-08
   90    268  1.2463e-08  3.3400e-06
   90    269  4.8779e-13  1.3121e-10
   90    270  3.9644e-09  1.0704e-06
   90    271  1.9223e-13  5.2095e-11
   90    272  1.7935e-08  4.8784e-06
   90    273  7.2675e-14  1.9840e-11
   90    274  1.1477e-12  3.1448e-10
    1      1  5.7510e-13  5.7510e-13
    2      4  8.6547e-02  3.4619e-01

1 - Xsum = 4.51861e-14
Ye = 0.436899

