293
time(s) = 1000000 t9 = 9.9999933333388944e-05 rho(g/cc) = 1.4999970000044999e-09 
0  0.0000e+00
1  5.7513e-13
2  7.1852e-13
3  4.4401e-16
4  8.6547e-02
5  0.0000e+00
6  1.1674e-14
7  1.6647e-14
8  1.3968e-53
9  4.5259e-17
10  7.8454e-15
11  5.0831e-14
12  6.7872e-09
13  5.2410e-13
14  3.3940e-07
15  4.2478e-05
16  5.6354e-07
17  1.3730e-08
18  1.5376e-07
19  2.6686e-06
20  4.2353e-06
21  1.1573e-06
22  5.3663e-07
23  1.6772e-06
24  1.4041e-06
25  1.3546e-06
26  3.2243e-07
27  1.8959e-07
28  1.7456e-07
29  1.1690e-07
30  1.3110e-07
31  6.3909e-08
32  8.9210e-08
33  1.0457e-07
34  3.1069e-07
35  2.6452e-07
36  8.0542e-08
37  1.0993e-07
38  3.6040e-08
39  5.1179e-08
40  1.3385e-07
41  1.1280e-07
42  3.6401e-07
43  3.0074e-07
44  2.4710e-07
45  4.3507e-07
46  3.9166e-07
47  4.0736e-07
48  2.1006e-07
49  1.9861e-08
50  3.6634e-08
51  2.8632e-08
52  3.7103e-08
53  7.3443e-08
54  4.7170e-08
55  4.7610e-08
56  3.1119e-08
57  4.8467e-08
58  4.4983e-08
59  5.6721e-08
60  5.0749e-08
61  4.4617e-08
62  8.1062e-08
63  8.0442e-08
64  3.9764e-08
65  6.2342e-08
66  5.3006e-08
67  7.6320e-08
68  6.2181e-08
69  8.8161e-08
70  7.0813e-08
71  1.1894e-07
72  8.5189e-08
73  8.9845e-08
74  1.5141e-07
75  5.4762e-07
76  1.2488e-06
77  1.1501e-06
78  2.6755e-05
79  3.7711e-05
80  1.1926e-05
81  8.3671e-06
82  2.6028e-06
83  1.9725e-06
84  3.2542e-06
85  1.6632e-06
86  1.7877e-06
87  2.0404e-06
88  9.9704e-07
89  4.3387e-07
90  3.5475e-07
91  2.4038e-07
92  2.0263e-07
93  1.0323e-07
94  5.6625e-08
95  1.3821e-07
96  8.5939e-08
97  1.2827e-07
98  1.3112e-07
99  1.9985e-07
100  1.8943e-07
101  1.9886e-07
102  1.9668e-07
103  4.4854e-07
104  3.8273e-07
105  6.6239e-07
106  4.6691e-07
107  7.1011e-07
108  5.0089e-07
109  1.2240e-06
110  1.1173e-06
111  2.7705e-06
112  1.6245e-06
113  2.1882e-06
114  2.2380e-06
115  7.4570e-07
116  9.1858e-07
117  1.5168e-06
118  8.7128e-07
119  6.2124e-07
120  4.7549e-07
121  1.0012e-06
122  4.6259e-07
123  9.0568e-07
124  6.7300e-07
125  3.3862e-06
126  6.5154e-06
127  1.1736e-05
128  1.9298e-05
129  1.2716e-04
130  1.8584e-04
131  1.5916e-04
132  6.3875e-04
133  3.5326e-04
134  3.5485e-04
135  3.1544e-04
136  1.7727e-04
137  8.2834e-05
138  1.9304e-04
139  3.6369e-05
140  2.6091e-05
141  7.8866e-06
142  3.5448e-06
143  2.8742e-06
144  1.7706e-06
145  1.5181e-06
146  8.5115e-07
147  1.2616e-06
148  1.1417e-06
149  7.6589e-07
150  1.3720e-06
151  1.2584e-06
152  2.4015e-06
153  1.7112e-06
154  6.5079e-07
155  1.1874e-06
156  3.8194e-06
157  2.8152e-06
158  1.2590e-06
159  4.9772e-06
160  8.1914e-06
161  9.5754e-06
162  1.3940e-05
163  1.6464e-05
164  1.7703e-05
165  1.4934e-05
166  9.9879e-06
167  1.2958e-05
168  1.4444e-05
169  7.1912e-06
170  1.0148e-05
171  8.4335e-06
172  9.4438e-06
173  9.3471e-06
174  1.1881e-05
175  7.6139e-06
176  1.0336e-05
177  8.8198e-06
178  1.5999e-05
179  8.1729e-06
180  1.1473e-05
181  9.7017e-06
182  1.1561e-05
183  5.4539e-06
184  6.9568e-06
185  2.4226e-06
186  3.8550e-06
187  1.8289e-06
188  3.4852e-06
189  3.4754e-06
190  1.0160e-05
191  8.4820e-06
192  3.3518e-05
193  5.1755e-05
194  1.2789e-04
195  2.5784e-04
196  2.6472e-04
197  2.3744e-04
198  1.0780e-04
199  2.6175e-05
200  1.6684e-06
201  1.6465e-07
202  1.6493e-07
203  9.6156e-08
204  6.9756e-08
205  3.2493e-08
206  5.1042e-08
207  4.5567e-08
208  1.5285e-07
209  1.4498e-07
210  2.3490e-07
211  3.0579e-07
212  2.6080e-07
213  4.4229e-07
214  4.5423e-07
215  1.7800e-07
216  3.5233e-07
217  4.7719e-11
218  2.3576e-07
219  3.3731e-13
220  3.7327e-12
221  2.9618e-11
222  4.0977e-08
223  8.4152e-08
224  2.1077e-08
225  2.8025e-07
226  6.0669e-07
227  2.3812e-07
228  8.5943e-07
229  2.9180e-07
230  3.1514e-07
231  7.1150e-07
232  1.0646e-06
233  1.0001e-06
234  1.4387e-06
235  1.1303e-06
236  1.6140e-06
237  1.3605e-06
238  1.5165e-06
239  1.5199e-06
240  1.2688e-06
241  9.8510e-07
242  8.9707e-07
243  4.3832e-07
244  7.3624e-07
245  2.4727e-07
246  6.1187e-07
247  2.6856e-07
248  7.0171e-07
249  2.3731e-07
250  7.7143e-07
251  2.3446e-07
252  8.7994e-07
253  1.1291e-07
254  2.9101e-07
255  2.1929e-08
256  4.5814e-08
257  7.3876e-09
258  2.4352e-07
259  1.4420e-07
260  6.0662e-07
261  3.7313e-08
262  6.3285e-07
263  8.0405e-12
264  1.4885e-09
265  9.3966e-11
266  2.0969e-08
267  7.4072e-11
268  1.2471e-08
269  4.8816e-13
270  3.9674e-09
271  1.9239e-13
272  1.7950e-08
273  7.2735e-14
274  1.1495e-12
275  0.0000e+00
276  0.0000e+00
277  0.0000e+00
278  0.0000e+00
279  0.0000e+00
280  0.0000e+00
281  0.0000e+00
282  0.0000e+00
283  0.0000e+00
284  0.0000e+00
285  0.0000e+00
286  0.0000e+00
287  0.0000e+00
288  0.0000e+00
289  0.0000e+00
290  0.0000e+00
291  0.0000e+00
292  0.0000e+00
293  0.0000e+00

