293
time(s) = 1000000 t9 = 9.9999933333388944e-05 rho(g/cc) = 1.4999970000044999e-09 
0  0.0000e+00
1  5.7510e-13
2  7.1844e-13
3  4.4394e-16
4  8.6547e-02
5  0.0000e+00
6  1.1673e-14
7  1.6645e-14
8  1.3967e-53
9  4.5257e-17
10  7.8451e-15
11  5.0824e-14
12  6.7874e-09
13  5.2409e-13
14  3.3940e-07
15  4.2476e-05
16  5.6350e-07
17  1.3728e-08
18  1.5375e-07
19  2.6685e-06
20  4.2350e-06
21  1.1572e-06
22  5.3663e-07
23  1.6772e-06
24  1.4040e-06
25  1.3545e-06
26  3.2241e-07
27  1.8958e-07
28  1.7456e-07
29  1.1690e-07
30  1.3109e-07
31  6.3906e-08
32  8.9206e-08
33  1.0457e-07
34  3.1068e-07
35  2.6451e-07
36  8.0536e-08
37  1.0993e-07
38  3.6038e-08
39  5.1178e-08
40  1.3385e-07
41  1.1279e-07
42  3.6400e-07
43  3.0073e-07
44  2.4710e-07
45  4.3507e-07
46  3.9166e-07
47  4.0736e-07
48  2.1005e-07
49  1.9860e-08
50  3.6632e-08
51  2.8630e-08
52  3.7102e-08
53  7.3445e-08
54  4.7171e-08
55  4.7612e-08
56  3.1121e-08
57  4.8470e-08
58  4.4985e-08
59  5.6723e-08
60  5.0750e-08
61  4.4619e-08
62  8.1064e-08
63  8.0445e-08
64  3.9765e-08
65  6.2343e-08
66  5.3007e-08
67  7.6321e-08
68  6.2182e-08
69  8.8163e-08
70  7.0817e-08
71  1.1895e-07
72  8.5192e-08
73  8.9848e-08
74  1.5141e-07
75  5.4767e-07
76  1.2489e-06
77  1.1502e-06
78  2.6755e-05
79  3.7711e-05
80  1.1925e-05
81  8.3670e-06
82  2.6028e-06
83  1.9725e-06
84  3.2542e-06
85  1.6632e-06
86  1.7877e-06
87  2.0404e-06
88  9.9701e-07
89  4.3385e-07
90  3.5474e-07
91  2.4038e-07
92  2.0263e-07
93  1.0323e-07
94  5.6626e-08
95  1.3822e-07
96  8.5944e-08
97  1.2828e-07
98  1.3113e-07
99  1.9987e-07
100  1.8939e-07
101  1.9872e-07
102  1.9630e-07
103  4.4720e-07
104  3.8171e-07
105  6.6090e-07
106  4.6640e-07
107  7.0961e-07
108  5.0086e-07
109  1.2241e-06
110  1.1175e-06
111  2.7714e-06
112  1.6250e-06
113  2.1889e-06
114  2.2386e-06
115  7.4591e-07
116  9.1883e-07
117  1.5172e-06
118  8.7147e-07
119  6.2137e-07
120  4.7558e-07
121  1.0014e-06
122  4.6265e-07
123  9.0579e-07
124  6.7305e-07
125  3.3863e-06
126  6.5154e-06
127  1.1736e-05
128  1.9297e-05
129  1.2715e-04
130  1.8583e-04
131  1.5915e-04
132  6.3875e-04
133  3.5326e-04
134  3.5485e-04
135  3.1544e-04
136  1.7727e-04
137  8.2833e-05
138  1.9304e-04
139  3.6369e-05
140  2.6091e-05
141  7.8866e-06
142  3.5447e-06
143  2.8741e-06
144  1.7706e-06
145  1.5181e-06
146  8.5115e-07
147  1.2616e-06
148  1.1417e-06
149  7.6592e-07
150  1.3720e-06
151  1.2585e-06
152  2.4016e-06
153  1.7113e-06
154  6.5081e-07
155  1.1875e-06
156  3.8196e-06
157  2.8153e-06
158  1.2590e-06
159  4.9774e-06
160  8.1916e-06
161  9.5756e-06
162  1.3940e-05
163  1.6465e-05
164  1.7703e-05
165  1.4934e-05
166  9.9880e-06
167  1.2959e-05
168  1.4445e-05
169  7.1913e-06
170  1.0149e-05
171  8.4336e-06
172  9.4439e-06
173  9.3472e-06
174  1.1881e-05
175  7.6140e-06
176  1.0336e-05
177  8.8199e-06
178  1.5999e-05
179  8.1730e-06
180  1.1473e-05
181  9.7016e-06
182  1.1561e-05
183  5.4538e-06
184  6.9567e-06
185  2.4226e-06
186  3.8551e-06
187  1.8290e-06
188  3.4854e-06
189  3.4758e-06
190  1.0161e-05
191  8.4830e-06
192  3.3521e-05
193  5.1759e-05
194  1.2789e-04
195  2.5785e-04
196  2.6472e-04
197  2.3744e-04
198  1.0779e-04
199  2.6174e-05
200  1.6684e-06
201  1.6465e-07
202  1.6493e-07
203  9.6153e-08
204  6.9754e-08
205  3.2492e-08
206  5.1041e-08
207  4.5567e-08
208  1.5284e-07
209  1.4497e-07
210  2.3490e-07
211  3.0578e-07
212  2.6079e-07
213  4.4226e-07
214  4.5420e-07
215  1.7799e-07
216  3.5231e-07
217  4.7715e-11
218  2.3574e-07
219  3.3729e-13
220  3.7325e-12
221  2.9615e-11
222  4.0975e-08
223  8.4146e-08
224  2.1076e-08
225  2.8023e-07
226  6.0663e-07
227  2.3810e-07
228  8.5935e-07
229  2.9178e-07
230  3.1511e-07
231  7.1142e-07
232  1.0645e-06
233  9.9998e-07
234  1.4385e-06
235  1.1301e-06
236  1.6137e-06
237  1.3603e-06
238  1.5162e-06
239  1.5196e-06
240  1.2685e-06
241  9.8489e-07
242  8.9686e-07
243  4.3821e-07
244  7.3606e-07
245  2.4721e-07
246  6.1171e-07
247  2.6849e-07
248  7.0152e-07
249  2.3725e-07
250  7.7122e-07
251  2.3440e-07
252  8.7970e-07
253  1.1288e-07
254  2.9093e-07
255  2.1922e-08
256  4.5799e-08
257  7.3852e-09
258  2.4343e-07
259  1.4414e-07
260  6.0636e-07
261  3.7298e-08
262  6.3258e-07
263  8.0366e-12
264  1.4877e-09
265  9.3916e-11
266  2.0956e-08
267  7.4021e-11
268  1.2463e-08
269  4.8779e-13
270  3.9644e-09
271  1.9223e-13
272  1.7935e-08
273  7.2675e-14
274  1.1477e-12
275  0.0000e+00
276  0.0000e+00
277  0.0000e+00
278  0.0000e+00
279  0.0000e+00
280  0.0000e+00
281  0.0000e+00
282  0.0000e+00
283  0.0000e+00
284  0.0000e+00
285  0.0000e+00
286  0.0000e+00
287  0.0000e+00
288  0.0000e+00
289  0.0000e+00
290  0.0000e+00
291  0.0000e+00
292  0.0000e+00
293  0.0000e+00

