time(s) = 0.21248745450294901 t9 = 3.2033092643801204 rho(g/cc) = 54916.462006469425 
    1      2  1.2089e-12  2.4179e-12
    1      3  7.1611e-10  2.1483e-09
    2      3  8.9747e-20  2.6924e-19
    2      6  1.0808e-13  6.4846e-13
    3      6  5.9113e-18  3.5468e-17
    3      7  4.0271e-13  2.8190e-12
    3      8  9.8004e-17  7.8403e-16
    3      9  3.3684e-17  3.0315e-16
    4      9  4.3406e-13  3.9065e-12
    4     10  7.2821e-15  7.2821e-14
    4     11  1.9745e-20  2.1719e-19
    5     10  2.9577e-18  2.9577e-17
    5     11  6.6666e-15  7.3333e-14
    5     12  1.0908e-17  1.3090e-16
    5     13  1.0344e-16  1.3447e-15
    6     12  2.9686e-11  3.5624e-10
    6     13  1.0631e-11  1.3820e-10
    6     14  6.7857e-09  9.5000e-08
    6     15  2.0026e-13  3.0039e-12
    6     16  6.5639e-14  1.0502e-12
    6     17  8.8429e-19  1.5033e-17
    7     14  7.0553e-17  9.8774e-16
    7     15  2.4663e-14  3.6995e-13
    7     16  7.3128e-17  1.1701e-15
    7     17  3.9633e-16  6.7376e-15
    7     18  4.4806e-18  8.0651e-17
    7     19  6.8008e-17  1.2922e-15
    7     20  6.9798e-20  1.3960e-18
    8     16  1.1279e-11  1.8046e-10
    8     17  5.0783e-12  8.6331e-11
    8     18  2.6856e-11  4.8341e-10
    8     19  2.1095e-12  4.0080e-11
    8     20  6.7852e-13  1.3570e-11
    8     21  6.0407e-14  1.2685e-12
    8     22  1.0196e-16  2.2432e-15
    8     23  8.9358e-19  2.0552e-17
    8     24  1.0854e-20  2.6050e-19
    9     19  2.7527e-17  5.2302e-16
    9     20  1.5443e-16  3.0885e-15
    9     21  1.4014e-15  2.9429e-14
    9     22  4.3334e-17  9.5335e-16
    9     23  2.0298e-18  4.6685e-17
    9     24  8.2788e-20  1.9869e-18
    9     25  2.0990e-20  5.2476e-19
   10     20  3.6095e-13  7.2191e-12
   10     21  7.9077e-13  1.6606e-11
   10     22  1.2503e-11  2.7507e-10
   10     23  5.1390e-11  1.1820e-09
   10     24  1.0527e-11  2.5264e-10
   10     25  9.0941e-12  2.2735e-10
   10     26  4.3980e-12  1.1435e-10
   10     27  4.8935e-16  1.3213e-14
   10     28  2.0328e-17  5.6918e-16
   11     23  1.2791e-16  2.9418e-15
   11     24  3.9521e-16  9.4851e-15
   11     25  2.0467e-15  5.1168e-14
   11     26  2.0686e-15  5.3783e-14
   11     27  3.5740e-14  9.6497e-13
   11     28  1.2316e-15  3.4485e-14
   11     29  1.5987e-15  4.6362e-14
   11     30  1.9076e-18  5.7227e-17
   11     31  2.6795e-19  8.3065e-18
   12     24  1.5939e-14  3.8253e-13
   12     25  9.6166e-14  2.4041e-12
   12     26  3.8910e-12  1.0117e-10
   12     27  2.3292e-12  6.2889e-11
   12     28  4.2715e-11  1.1960e-09
   12     29  1.4741e-11  4.2750e-10
   12     30  3.7336e-10  1.1201e-08
   12     31  1.3952e-12  4.3250e-11
   12     32  2.1836e-11  6.9874e-10
   12     33  5.4177e-14  1.7879e-12
   12     34  4.9334e-15  1.6774e-13
   12     35  4.9144e-20  1.7200e-18
   13     27  8.8929e-18  2.4011e-16
   13     28  7.6978e-17  2.1554e-15
   13     29  5.4624e-16  1.5841e-14
   13     30  1.2581e-15  3.7742e-14
   13     31  1.8614e-14  5.7704e-13
   13     32  6.1798e-15  1.9775e-13
   13     33  3.4098e-13  1.1252e-11
   13     34  6.9852e-16  2.3750e-14
   13     35  1.2010e-14  4.2036e-13
   13     36  5.8063e-18  2.0903e-16
   13     37  9.9883e-19  3.6957e-17
   14     28  1.8355e-16  5.1395e-15
   14     29  6.5784e-15  1.9078e-13
   14     30  5.0436e-14  1.5131e-12
   14     31  2.9570e-13  9.1667e-12
   14     32  2.9517e-12  9.4455e-11
   14     33  1.2422e-11  4.0992e-10
   14     34  2.2450e-09  7.6330e-08
   14     35  1.6635e-11  5.8224e-10
   14     36  7.4612e-10  2.6860e-08
   14     37  1.2960e-12  4.7952e-11
   14     38  1.4740e-11  5.6011e-10
   14     39  2.5679e-14  1.0015e-12
   14     40  1.4044e-14  5.6176e-13
   15     31  4.0465e-20  1.2544e-18
   15     32  1.0145e-19  3.2466e-18
   15     33  3.5682e-18  1.1775e-16
   15     34  9.1350e-17  3.1059e-15
   15     35  9.7696e-15  3.4194e-13
   15     36  1.4644e-15  5.2719e-14
   15     37  1.4558e-14  5.3864e-13
   15     38  5.1474e-15  1.9560e-13
   15     39  8.5875e-13  3.3491e-11
   15     40  6.7792e-14  2.7117e-12
   15     41  5.2119e-13  2.1369e-11
   15     42  4.3032e-16  1.8073e-14
   15     43  2.3891e-18  1.0273e-16
   16     32  4.2023e-19  1.3447e-17
   16     33  5.1389e-20  1.6958e-18
   16     34  3.7961e-16  1.2907e-14
   16     35  9.3061e-16  3.2571e-14
   16     36  5.7218e-13  2.0598e-11
   16     37  3.7810e-12  1.3990e-10
   16     38  5.7704e-12  2.1928e-10
   16     39  3.7091e-12  1.4465e-10
   16     40  1.6240e-11  6.4961e-10
   16     41  2.1586e-11  8.8501e-10
   16     42  7.0478e-09  2.9601e-07
   16     43  4.5345e-11  1.9498e-09
   16     44  1.3313e-10  5.8579e-09
   16     45  1.3855e-13  6.2346e-12
   16     46  2.7792e-14  1.2784e-12
   16     47  1.7360e-19  8.1594e-18
   17     37  9.2528e-20  3.4235e-18
   17     38  8.3739e-19  3.1821e-17
   17     39  3.0880e-18  1.2043e-16
   17     40  2.5991e-18  1.0397e-16
   17     41  1.0814e-17  4.4338e-16
   17     42  4.4785e-16  1.8809e-14
   17     43  4.9208e-15  2.1159e-13
   17     44  1.0382e-14  4.5680e-13
   17     45  2.1082e-12  9.4870e-11
   17     46  3.0163e-12  1.3875e-10
   17     47  4.5310e-13  2.1296e-11
   17     48  3.8367e-16  1.8416e-14
   17     49  3.3586e-18  1.6457e-16
   18     38  4.7278e-20  1.7966e-18
   18     39  3.1986e-18  1.2474e-16
   18     40  2.8397e-16  1.1359e-14
   18     41  8.3513e-16  3.4240e-14
   18     42  1.7620e-15  7.4003e-14
   18     43  4.1838e-15  1.7990e-13
   18     44  5.0088e-14  2.2039e-12
   18     45  1.8354e-12  8.2593e-11
   18     46  1.6497e-10  7.5887e-09
   18     47  5.3434e-10  2.5114e-08
   18     48  3.1190e-08  1.4971e-06
   18     49  1.5517e-10  7.6035e-09
   18     50  6.0558e-11  3.0279e-09
   18     51  5.1454e-15  2.6242e-13
   18     52  3.3360e-17  1.7347e-15
   19     45  4.1630e-20  1.8734e-18
   19     46  1.5694e-18  7.2195e-17
   19     47  1.1579e-14  5.4422e-13
   19     48  6.9121e-14  3.3178e-12
   19     49  4.0761e-11  1.9973e-09
   19     50  4.6701e-13  2.3351e-11
   19     51  1.6174e-12  8.2485e-11
   19     52  2.4325e-15  1.2649e-13
   19     53  3.7481e-16  1.9865e-14
   19     54  2.7337e-20  1.4762e-18
   20     45  1.3065e-20  5.8790e-19
   20     46  1.0174e-19  4.6799e-18
   20     47  1.2243e-18  5.7544e-17
   20     48  6.7699e-13  3.2496e-11
   20     49  5.1444e-11  2.5208e-09
   20     50  2.2655e-08  1.1327e-06
   20     51  8.6384e-08  4.4056e-06
   20     52  8.6007e-08  4.4724e-06
   20     53  1.5957e-08  8.4571e-07
   20     54  1.3767e-09  7.4343e-08
   20     55  5.2532e-12  2.8893e-10
   20     56  2.8246e-14  1.5818e-12
   20     57  1.3851e-17  7.8952e-16
   20     58  1.5559e-20  9.0243e-19
   21     49  1.3102e-19  6.4199e-18
   21     50  5.0224e-17  2.5112e-15
   21     51  4.3175e-14  2.2019e-12
   21     52  1.3617e-12  7.0806e-11
   21     53  3.7220e-11  1.9727e-09
   21     54  1.8981e-10  1.0250e-08
   21     55  6.8254e-12  3.7540e-10
   21     56  1.4393e-12  8.0599e-11
   21     57  4.3486e-14  2.4787e-12
   21     58  1.3220e-16  7.6678e-15
   21     59  4.4085e-19  2.6010e-17
   22     51  2.6515e-18  1.3523e-16
   22     52  7.2540e-14  3.7721e-12
   22     53  1.5685e-11  8.3130e-10
   22     54  3.0409e-08  1.6421e-06
   22     55  3.7019e-08  2.0360e-06
   22     56  5.7990e-07  3.2474e-05
   22     57  7.2266e-09  4.1192e-07
   22     58  4.5906e-08  2.6626e-06
   22     59  3.0244e-10  1.7844e-08
   22     60  1.1779e-10  7.0673e-09
   22     61  7.7140e-14  4.7055e-12
   22     62  1.2637e-14  7.8349e-13
   22     63  7.4913e-18  4.7195e-16
   22     64  5.3917e-15  3.4507e-13
   22     65  2.3336e-20  1.5169e-18
   23     53  2.1668e-20  1.1484e-18
   23     54  8.8769e-18  4.7935e-16
   23     55  4.3601e-14  2.3981e-12
   23     56  5.1597e-13  2.8895e-11
   23     57  2.5889e-10  1.4757e-08
   23     58  1.5094e-10  8.7546e-09
   23     59  8.9920e-10  5.3053e-08
   23     60  1.6612e-10  9.9671e-09
   23     61  5.2368e-10  3.1944e-08
   23     62  1.4210e-11  8.8104e-10
   23     63  1.0310e-11  6.4956e-10
   23     64  8.2195e-14  5.2605e-12
   23     65  5.3922e-15  3.5049e-13
   23     66  1.4451e-14  9.5378e-13
   23     67  4.7269e-16  3.1670e-14
   23     68  4.8972e-20  3.3301e-18
   24     55  3.0277e-20  1.6653e-18
   24     56  1.6604e-16  9.2981e-15
   24     57  2.8964e-14  1.6510e-12
   24     58  2.0466e-12  1.1870e-10
   24     59  6.6611e-12  3.9300e-10
   24     60  3.4200e-09  2.0520e-07
   24     61  3.4339e-09  2.0947e-07
   24     62  8.2626e-07  5.1228e-05
   24     63  1.3290e-07  8.3727e-06
   24     64  1.0713e-06  6.8563e-05
   24     65  1.3575e-08  8.8240e-07
   24     66  4.3507e-08  2.8714e-06
   24     67  1.5863e-10  1.0628e-08
   24     68  4.6259e-08  3.1456e-06
   24     69  3.3135e-11  2.2863e-09
   24     70  5.3429e-12  3.7400e-10
   24     71  2.9532e-16  2.0968e-14
   24     72  2.4942e-18  1.7958e-16
   25     59  4.8183e-19  2.8428e-17
   25     60  6.6127e-17  3.9676e-15
   25     61  2.6024e-15  1.5875e-13
   25     62  8.2245e-15  5.0992e-13
   25     63  9.1851e-12  5.7866e-10
   25     64  2.1487e-11  1.3752e-09
   25     65  9.3758e-09  6.0942e-07
   25     66  1.8502e-09  1.2211e-07
   25     67  7.9086e-09  5.2988e-07
   25     68  5.3132e-10  3.6129e-08
   25     69  9.7840e-10  6.7510e-08
   25     70  1.7870e-10  1.2509e-08
   25     71  2.4863e-10  1.7652e-08
   25     72  1.8587e-13  1.3383e-11
   25     73  2.1013e-14  1.5339e-12
   25     74  4.9394e-18  3.6552e-16
   25     75  1.0662e-19  7.9962e-18
   26     61  3.4953e-19  2.1322e-17
   26     62  4.1922e-17  2.5992e-15
   26     63  1.1766e-15  7.4124e-14
   26     64  1.5934e-13  1.0198e-11
   26     65  3.3353e-13  2.1679e-11
   26     66  3.1822e-11  2.1002e-09
   26     67  8.7913e-11  5.8902e-09
   26     68  1.2167e-09  8.2739e-08
   26     69  2.0358e-10  1.4047e-08
   26     70  2.8667e-09  2.0067e-07
   26     71  2.9616e-10  2.1028e-08
   26     72  1.7003e-09  1.2242e-07
   26     73  2.9563e-08  2.1581e-06
   26     74  2.8946e-08  2.1420e-06
   26     75  7.9566e-11  5.9674e-09
   26     76  1.1295e-11  8.5844e-10
   26     77  5.9582e-18  4.5878e-16
   27     65  2.1872e-20  1.4217e-18
   27     66  6.3516e-19  4.1920e-17
   27     67  5.7067e-16  3.8235e-14
   27     68  2.1815e-15  1.4834e-13
   27     69  2.0176e-12  1.3921e-10
   27     70  3.7566e-13  2.6296e-11
   27     71  2.5829e-10  1.8339e-08
   27     72  2.3095e-11  1.6629e-09
   27     73  2.2995e-09  1.6787e-07
   27     74  5.8700e-11  4.3438e-09
   27     75  1.7060e-09  1.2795e-07
   27     76  8.6513e-09  6.5750e-07
   27     77  7.7877e-09  5.9965e-07
   27     78  6.2639e-14  4.8858e-12
   27     79  4.0188e-17  3.1749e-15
   28     68  2.1615e-18  1.4698e-16
   28     69  5.2590e-17  3.6287e-15
   28     70  1.8960e-13  1.3272e-11
   28     71  2.0701e-13  1.4698e-11
   28     72  6.7613e-10  4.8681e-08
   28     73  2.1318e-09  1.5562e-07
   28     74  6.6214e-07  4.8998e-05
   28     75  3.8054e-07  2.8541e-05
   28     76  8.5619e-06  6.5070e-04
   28     77  1.5162e-06  1.1675e-04
   28     78  1.4860e-05  1.1591e-03
   28     79  2.3030e-08  1.8194e-06
   28     80  8.1397e-10  6.5117e-08
   28     81  1.0517e-15  8.5192e-14
   28     82  1.8655e-18  1.5297e-16
   29     72  5.8744e-20  4.2295e-18
   29     73  6.5604e-16  4.7891e-14
   29     74  1.6078e-14  1.1898e-12
   29     75  8.0370e-12  6.0278e-10
   29     76  1.0574e-10  8.0362e-09
   29     77  9.2719e-09  7.1394e-07
   29     78  1.0388e-08  8.1026e-07
   29     79  5.2938e-07  4.1821e-05
   29     80  3.0376e-10  2.4301e-08
   29     81  2.4045e-11  1.9476e-09
   29     82  9.7035e-16  7.9569e-14
   29     83  3.9150e-18  3.2494e-16
   30     74  2.2111e-19  1.6362e-17
   30     75  8.4878e-18  6.3658e-16
   30     76  9.1749e-14  6.9729e-12
   30     77  1.5146e-12  1.1662e-10
   30     78  8.6721e-10  6.7643e-08
   30     79  5.3222e-09  4.2045e-07
   30     80  1.0779e-06  8.6234e-05
   30     81  7.8502e-09  6.3587e-07
   30     82  1.0613e-09  8.7029e-08
   30     83  2.4708e-12  2.0508e-10
   30     84  4.4702e-14  3.7550e-12
   30     85  3.4756e-18  2.9543e-16
   30     86  3.0006e-20  2.5805e-18
   31     77  1.3670e-15  1.0526e-13
   31     78  1.8216e-13  1.4208e-11
   31     79  2.5634e-09  2.0251e-07
   31     80  1.3043e-08  1.0434e-06
   31     81  6.4796e-05  5.2484e-03
   31     82  1.1920e-06  9.7747e-05
   31     83  1.0924e-06  9.0669e-05
   31     84  8.9310e-09  7.5020e-07
   31     85  1.3560e-09  1.1526e-07
   31     86  4.0602e-12  3.4918e-10
   31     87  4.4648e-15  3.8844e-13
   31     88  2.4391e-19  2.1464e-17
   32     78  4.3404e-19  3.3855e-17
   32     79  3.9327e-16  3.1068e-14
   32     80  4.4782e-11  3.5825e-09
   32     81  2.1844e-09  1.7694e-07
   32     82  1.3193e-05  1.0818e-03
   32     83  2.9718e-06  2.4666e-04
   32     84  1.8272e-05  1.5349e-03
   32     85  6.7781e-07  5.7614e-05
   32     86  7.0235e-07  6.0402e-05
   32     87  7.6803e-09  6.6819e-07
   32     88  3.0341e-10  2.6700e-08
   32     89  1.3370e-13  1.1899e-11
   32     90  8.3762e-16  7.5386e-14
   32     91  8.8350e-20  8.0398e-18
   33     81  3.8498e-18  3.1184e-16
   33     82  1.6066e-15  1.3174e-13
   33     83  1.2548e-10  1.0415e-08
   33     84  1.4566e-10  1.2236e-08
   33     85  3.3301e-09  2.8306e-07
   33     86  2.0391e-09  1.7536e-07
   33     87  7.5944e-09  6.6071e-07
   33     88  7.2466e-10  6.3770e-08
   33     89  6.3901e-11  5.6872e-09
   33     90  1.5167e-13  1.3650e-11
   33     91  2.7049e-15  2.4614e-13
   33     92  3.2708e-18  3.0092e-16
   33     93  9.4880e-20  8.8239e-18
   34     82  2.0000e-18  1.6400e-16
   34     83  4.0003e-15  3.3202e-13
   34     84  2.0117e-09  1.6898e-07
   34     85  4.0797e-08  3.4677e-06
   34     86  3.4183e-06  2.9398e-04
   34     87  1.9658e-05  1.7103e-03
   34     88  8.1337e-05  7.1576e-03
   34     89  2.9976e-05  2.6679e-03
   34     90  1.9392e-05  1.7453e-03
   34     91  2.1856e-07  1.9889e-05
   34     92  3.1087e-08  2.8600e-06
   34     93  1.2566e-10  1.1686e-08
   34     94  1.0377e-11  9.7547e-10
   34     95  1.8204e-13  1.7294e-11
   34     96  1.7859e-14  1.7145e-12
   34     97  3.0683e-18  2.9762e-16
   34     98  3.4150e-20  3.3467e-18
   35     85  2.2225e-14  1.8891e-12
   35     86  1.1879e-12  1.0216e-10
   35     87  4.4632e-10  3.8830e-08
   35     88  1.3325e-08  1.1726e-06
   35     89  2.2867e-06  2.0352e-04
   35     90  4.2415e-06  3.8174e-04
   35     91  1.5212e-05  1.3843e-03
   35     92  6.1787e-07  5.6844e-05
   35     93  6.2784e-07  5.8389e-05
   35     94  5.5971e-09  5.2613e-07
   35     95  1.3394e-09  1.2724e-07
   35     96  1.2546e-11  1.2044e-09
   35     97  2.2148e-12  2.1483e-10
   35     98  1.2418e-13  1.2170e-11
   35     99  4.6419e-15  4.5955e-13
   35    100  2.9967e-18  2.9967e-16
   35    101  8.6292e-20  8.7155e-18
   36     86  9.3784e-17  8.0654e-15
   36     87  4.2356e-14  3.6850e-12
   36     88  1.6656e-10  1.4657e-08
   36     89  1.7358e-08  1.5448e-06
   36     90  4.1220e-06  3.7098e-04
   36     91  2.4347e-05  2.2156e-03
   36     92  3.7786e-04  3.4763e-02
   36     93  1.4777e-04  1.3743e-02
   36     94  4.9988e-04  4.6989e-02
   36     95  1.8914e-05  1.7968e-03
   36     96  5.3693e-05  5.1545e-03
   36     97  1.7540e-06  1.7014e-04
   36     98  3.5295e-06  3.4589e-04
   36     99  7.0376e-08  6.9672e-06
   36    100  6.1679e-08  6.1679e-06
   36    101  6.5537e-10  6.6193e-08
   36    102  8.8207e-11  8.9971e-09
   36    103  6.4159e-14  6.6083e-12
   36    104  4.6959e-15  4.8837e-13
   36    105  5.8752e-19  6.1690e-17
   37     88  5.0205e-20  4.4180e-18
   37     89  6.6043e-16  5.8778e-14
   37     90  1.9293e-13  1.7364e-11
   37     91  3.1187e-10  2.8380e-08
   37     92  6.1541e-09  5.6617e-07
   37     93  1.6938e-06  1.5753e-04
   37     94  1.6909e-06  1.5894e-04
   37     95  3.1189e-05  2.9630e-03
   37     96  2.4988e-06  2.3988e-04
   37     97  2.6136e-05  2.5352e-03
   37     98  1.3059e-05  1.2797e-03
   37     99  2.8642e-05  2.8355e-03
   37    100  1.3292e-05  1.3292e-03
   37    101  5.5920e-05  5.6479e-03
   37    102  5.2092e-07  5.3134e-05
   37    103  1.4682e-06  1.5123e-04
   37    104  5.8615e-09  6.0959e-07
   37    105  1.0446e-09  1.0968e-07
   37    106  6.8186e-13  7.2277e-11
   37    107  9.7783e-15  1.0463e-12
   37    108  9.7702e-19  1.0552e-16
   38     91  4.8224e-20  4.3884e-18
   38     92  2.5886e-16  2.3815e-14
   38     93  5.7560e-14  5.3531e-12
   38     94  6.4317e-11  6.0458e-09
   38     95  2.1838e-10  2.0746e-08
   38     96  2.0820e-08  1.9987e-06
   38     97  4.3124e-08  4.1830e-06
   38     98  7.4908e-06  7.3410e-04
   38     99  1.8836e-06  1.8648e-04
   38    100  3.5620e-04  3.5620e-02
   38    101  2.1010e-05  2.1220e-03
   38    102  6.7785e-04  6.9140e-02
   38    103  5.3611e-06  5.5220e-04
   38    104  8.6305e-06  8.9757e-04
   38    105  1.8484e-08  1.9408e-06
   38    106  4.1080e-06  4.3545e-04
   38    107  8.1718e-09  8.7439e-07
   38    108  5.3162e-10  5.7415e-08
   38    109  7.3059e-14  7.9634e-12
   38    110  3.3762e-16  3.7138e-14
   39     95  7.6486e-18  7.2662e-16
   39     96  1.9781e-15  1.8990e-13
   39     97  9.5816e-14  9.2942e-12
   39     98  1.5079e-12  1.4777e-10
   39     99  1.3105e-10  1.2974e-08
   39    100  2.0654e-09  2.0654e-07
   39    101  2.7057e-07  2.7328e-05
   39    102  8.8082e-06  8.9844e-04
   39    103  7.5867e-05  7.8143e-03
   39    104  5.6673e-05  5.8940e-03
   39    105  4.9450e-05  5.1923e-03
   39    106  5.0887e-06  5.3940e-04
   39    107  7.2065e-07  7.7109e-05
   39    108  1.5647e-08  1.6899e-06
   39    109  1.4250e-07  1.5532e-05
   39    110  1.1959e-10  1.3154e-08
   39    111  1.6249e-12  1.8037e-10
   39    112  1.2982e-16  1.4540e-14
   39    113  9.9266e-19  1.1217e-16
   40     98  5.4658e-18  5.3565e-16
   40     99  1.6295e-16  1.6132e-14
   40    100  6.2085e-13  6.2085e-11
   40    101  2.4491e-11  2.4736e-09
   40    102  1.0561e-08  1.0772e-06
   40    103  1.2368e-07  1.2739e-05
   40    104  1.6085e-05  1.6728e-03
   40    105  2.6942e-05  2.8289e-03
   40    106  2.5011e-04  2.6512e-02
   40    107  6.0872e-05  6.5133e-03
   40    108  2.1746e-04  2.3485e-02
   40    109  1.2274e-05  1.3379e-03
   40    110  1.0830e-05  1.1913e-03
   40    111  3.3143e-07  3.6789e-05
   40    112  3.9777e-08  4.4551e-06
   40    113  9.8272e-12  1.1105e-09
   40    114  4.6483e-13  5.2991e-11
   40    115  8.8997e-16  1.0235e-13
   40    116  4.5084e-17  5.2297e-15
   40    117  5.6525e-20  6.6134e-18
   41    102  5.9210e-20  6.0395e-18
   41    103  2.1138e-16  2.1772e-14
   41    104  4.7442e-15  4.9340e-13
   41    105  7.0303e-12  7.3818e-10
   41    106  2.5455e-11  2.6982e-09
   41    107  2.6857e-09  2.8737e-07
   41    108  1.3877e-09  1.4987e-07
   41    109  3.3002e-08  3.5972e-06
   41    110  3.8613e-09  4.2475e-07
   41    111  3.1671e-08  3.5155e-06
   41    112  5.3011e-10  5.9372e-08
   41    113  1.6010e-09  1.8091e-07
   41    114  3.2534e-13  3.7089e-11
   41    115  1.2882e-13  1.4815e-11
   41    116  1.3281e-15  1.5406e-13
   41    117  2.8267e-16  3.3073e-14
   41    118  1.2283e-18  1.4494e-16
   41    119  8.6639e-20  1.0310e-17
   42    104  8.7930e-18  9.1447e-16
   42    105  6.7180e-16  7.0540e-14
   42    106  2.1614e-12  2.2911e-10
   42    107  4.5205e-11  4.8369e-09
   42    108  1.4460e-08  1.5617e-06
   42    109  1.9104e-08  2.0823e-06
   42    110  4.8705e-06  5.3576e-04
   42    111  2.2043e-06  2.4468e-04
   42    112  1.0317e-04  1.1555e-02
   42    113  4.0240e-05  4.5471e-03
   42    114  7.3924e-05  8.4274e-03
   42    115  3.4964e-06  4.0209e-04
   42    116  5.3253e-07  6.1774e-05
   42    117  1.8841e-08  2.2044e-06
   42    118  1.1515e-08  1.3588e-06
   42    119  2.0095e-10  2.3912e-08
   42    120  4.5726e-11  5.4871e-09
   42    121  1.2251e-13  1.4823e-11
   42    122  1.1808e-14  1.4405e-12
   42    123  7.2714e-15  8.9438e-13
   42    124  3.2848e-16  4.0731e-14
   43    107  1.6317e-18  1.7459e-16
   43    108  9.0335e-17  9.7562e-15
   43    109  1.8647e-13  2.0325e-11
   43    110  9.4288e-13  1.0372e-10
   43    111  4.0603e-10  4.5069e-08
   43    112  7.3493e-09  8.2313e-07
   43    113  4.6346e-07  5.2371e-05
   43    114  3.7414e-07  4.2652e-05
   43    115  7.0028e-06  8.0532e-04
   43    116  1.8369e-06  2.1307e-04
   43    117  1.3893e-05  1.6255e-03
   43    118  8.6255e-07  1.0178e-04
   43    119  2.9788e-07  3.5448e-05
   43    120  1.7009e-08  2.0410e-06
   43    121  1.4870e-08  1.7993e-06
   43    122  1.8840e-10  2.2985e-08
   43    123  6.9749e-11  8.5791e-09
   43    124  2.7792e-11  3.4462e-09
   43    125  1.2197e-11  1.5246e-09
   43    126  4.8700e-17  6.1362e-15
   44    111  2.0663e-20  2.2936e-18
   44    112  4.7777e-18  5.3510e-16
   44    113  7.6781e-17  8.6763e-15
   44    114  7.7738e-15  8.8621e-13
   44    115  1.3213e-14  1.5194e-12
   44    116  7.6541e-13  8.8787e-11
   44    117  3.0408e-13  3.5578e-11
   44    118  1.6649e-11  1.9646e-09
   44    119  3.1032e-12  3.6928e-10
   44    120  6.8876e-11  8.2651e-09
   44    121  1.2557e-11  1.5194e-09
   44    122  3.7193e-11  4.5376e-09
   44    123  3.7275e-12  4.5848e-10
   44    124  1.7847e-11  2.2130e-09
   44    125  3.3804e-11  4.2255e-09
   44    126  1.8263e-11  2.3012e-09
   44    127  3.5148e-16  4.4638e-14
   44    128  2.8650e-20  3.6672e-18
   45    114  1.4756e-19  1.6822e-17
   45    115  4.5545e-16  5.2377e-14
   45    116  2.1909e-15  2.5415e-13
   45    117  9.1713e-13  1.0730e-10
   45    118  1.7816e-12  2.1022e-10
   45    119  4.6631e-10  5.5491e-08
   45    120  3.8926e-10  4.6711e-08
   45    121  4.1616e-08  5.0355e-06
   45    122  1.3074e-08  1.5950e-06
   45    123  1.6764e-07  2.0620e-05
   45    124  5.7637e-08  7.1470e-06
   45    125  1.4102e-06  1.7627e-04
   45    126  2.4039e-06  3.0289e-04
   45    127  8.0702e-06  1.0249e-03
   45    128  3.5124e-10  4.4959e-08
   45    129  2.7967e-13  3.6078e-11
   45    130  1.1204e-18  1.4565e-16
   46    118  2.0917e-19  2.4682e-17
   46    119  8.3064e-19  9.8846e-17
   46    120  3.2419e-16  3.8903e-14
   46    121  1.1135e-15  1.3473e-13
   46    122  2.6134e-13  3.1884e-11
   46    123  7.8071e-13  9.6027e-11
   46    124  5.7033e-11  7.0721e-09
   46    125  9.2050e-10  1.1506e-07
   46    126  8.7323e-08  1.1003e-05
   46    127  5.1793e-07  6.5777e-05
   46    128  2.2837e-06  2.9231e-04
   46    129  6.5423e-10  8.4395e-08
   46    130  6.7059e-13  8.7177e-11
   46    131  1.1265e-17  1.4758e-15
   47    121  5.7951e-19  7.0120e-17
   47    122  7.6508e-18  9.3340e-16
   47    123  7.9345e-15  9.7595e-13
   47    124  6.6721e-14  8.2734e-12
   47    125  3.1843e-11  3.9804e-09
   47    126  5.6976e-11  7.1790e-09
   47    127  6.3490e-09  8.0632e-07
   47    128  2.1361e-09  2.7342e-07
   47    129  2.2367e-07  2.8853e-05
   47    130  3.1873e-11  4.1435e-09
   47    131  8.8657e-11  1.1614e-08
   47    132  4.3154e-15  5.6963e-13
   47    133  3.8266e-18  5.0893e-16
   48    124  1.5908e-19  1.9725e-17
   48    125  1.0208e-17  1.2760e-15
   48    126  1.1921e-14  1.5020e-12
   48    127  6.9716e-14  8.8539e-12
   48    128  7.9019e-11  1.0114e-08
   48    129  2.5400e-10  3.2766e-08
   48    130  3.9053e-08  5.0769e-06
   48    131  3.3162e-11  4.3442e-09
   48    132  1.9968e-13  2.6357e-11
   48    133  2.5534e-14  3.3960e-12
   48    134  6.0984e-17  8.1718e-15
   49    127  5.8993e-19  7.4922e-17
   49    128  4.5371e-17  5.8075e-15
   49    129  1.6146e-13  2.0828e-11
   49    130  3.7291e-12  4.8479e-10
   49    131  2.0259e-09  2.6539e-07
   49    132  3.3751e-12  4.4551e-10
   49    133  1.3801e-13  1.8356e-11
   49    134  1.0036e-16  1.3448e-14
   49    135  1.1823e-18  1.5961e-16
   50    129  1.0183e-20  1.3136e-18
   50    130  9.6869e-17  1.2593e-14
   50    131  2.2555e-14  2.9547e-12
   50    132  1.1107e-10  1.4661e-08
   50    133  1.0699e-12  1.4229e-10
   50    134  2.8594e-14  3.8316e-12
   50    135  1.9788e-17  2.6714e-15
   50    136  1.0743e-18  1.4611e-16
   51    131  2.2187e-19  2.9065e-17
   51    132  6.5433e-17  8.6371e-15
   51    133  1.8155e-12  2.4146e-10
   51    134  3.9169e-14  5.2486e-12
   51    135  4.9590e-15  6.6947e-13
   51    136  1.3319e-16  1.8114e-14
   51    137  1.6469e-18  2.2562e-16
   51    138  1.3720e-19  1.8934e-17
   52    133  1.0454e-20  1.3904e-18
   52    134  2.5574e-16  3.4269e-14
   52    135  5.1917e-17  7.0088e-15
   52    136  3.8008e-17  5.1691e-15
   52    137  3.2886e-18  4.5055e-16
   52    138  5.1576e-19  7.1175e-17
   52    139  6.3734e-20  8.8591e-18
   53    135  1.0526e-20  1.4211e-18
   53    137  3.5089e-20  4.8072e-18
   53    139  2.4465e-20  3.4006e-18
    0      1  3.0756e-01  3.0756e-01
    1      1  6.1240e-10  6.1240e-10
    2      4  7.9680e-02  3.1872e-01

1 - Xsum = 1.60383e-07
Ye = 0.300737

