293
time(s) = 1000000 t9 = 1.7529876374474547e-05 rho(g/cc) = 8.9999998200000037e-12 
0  0.0000e+00
1  4.6679e-09
2  8.2344e-09
3  5.3007e-11
4  7.7272e-02
5  0.0000e+00
6  5.4745e-13
7  1.1278e-09
8  8.9373e-40
9  4.9544e-07
10  3.6542e-08
11  1.1773e-08
12  4.4062e-08
13  4.7027e-08
14  1.4541e-07
15  8.2213e-08
16  1.3152e-05
17  5.2008e-07
18  6.5185e-07
19  3.2098e-06
20  6.1105e-06
21  5.2143e-06
22  3.3040e-08
23  1.1132e-06
24  1.0149e-06
25  1.7590e-07
26  2.6401e-07
27  7.4326e-08
28  4.4130e-08
29  2.9274e-08
30  4.9427e-08
31  3.6061e-08
32  1.0271e-07
33  9.3894e-08
34  2.5097e-07
35  2.0394e-07
36  6.8432e-08
37  1.9113e-07
38  6.1125e-08
39  8.6168e-08
40  1.3931e-07
41  1.1567e-07
42  3.8123e-07
43  2.8710e-07
44  2.4722e-07
45  2.7303e-07
46  2.0307e-07
47  1.5441e-07
48  1.3380e-07
49  2.4848e-08
50  5.5279e-08
51  2.9200e-08
52  3.8274e-08
53  6.1126e-08
54  3.1340e-08
55  3.4682e-08
56  2.7731e-08
57  4.9919e-08
58  3.9254e-08
59  4.8717e-08
60  3.3484e-08
61  4.8994e-08
62  6.4475e-08
63  5.9836e-08
64  2.8052e-08
65  4.5181e-08
66  2.8023e-08
67  5.9474e-08
68  3.8037e-08
69  5.2863e-08
70  6.4112e-08
71  7.7734e-08
72  4.0995e-08
73  5.9260e-08
74  1.1534e-07
75  3.1691e-07
76  3.7037e-07
77  6.9556e-07
78  2.2813e-05
79  2.7453e-05
80  7.6675e-06
81  2.9053e-06
82  1.9836e-06
83  1.4543e-06
84  2.8395e-06
85  1.3939e-06
86  1.2578e-06
87  1.0088e-06
88  4.7837e-07
89  2.1022e-07
90  2.2579e-07
91  1.6855e-07
92  3.0511e-07
93  1.6504e-07
94  8.5117e-08
95  2.6187e-07
96  2.2388e-07
97  2.7375e-07
98  2.4136e-07
99  3.3586e-07
100  3.4821e-07
101  2.4798e-07
102  3.0156e-07
103  6.1297e-07
104  6.3971e-07
105  8.5614e-07
106  6.9995e-07
107  1.0174e-06
108  6.5911e-07
109  1.3702e-06
110  8.7255e-07
111  1.7470e-06
112  9.4208e-07
113  9.5105e-07
114  7.2541e-07
115  3.1074e-07
116  3.9928e-07
117  5.4828e-07
118  3.5227e-07
119  3.4131e-07
120  2.4203e-07
121  6.4970e-07
122  4.0616e-07
123  9.5147e-07
124  8.1549e-07
125  3.9884e-06
126  7.1747e-06
127  1.0070e-05
128  1.3151e-05
129  5.8590e-05
130  6.7827e-05
131  9.8934e-05
132  4.2873e-04
133  2.5580e-04
134  2.2507e-04
135  1.5455e-04
136  7.3914e-05
137  2.9734e-05
138  3.9116e-05
139  9.1539e-06
140  1.8735e-05
141  5.6384e-06
142  4.8333e-06
143  4.2989e-06
144  4.1901e-06
145  3.8256e-06
146  2.2322e-06
147  3.7984e-06
148  4.1835e-06
149  3.9841e-06
150  4.6027e-06
151  4.3183e-06
152  7.3440e-06
153  4.6149e-06
154  1.2046e-06
155  2.9530e-06
156  9.9143e-06
157  4.9679e-06
158  3.1509e-06
159  1.3655e-05
160  1.6166e-05
161  1.4833e-05
162  1.6437e-05
163  1.6114e-05
164  1.8783e-05
165  1.3758e-05
166  1.1016e-05
167  1.2627e-05
168  1.4764e-05
169  6.6027e-06
170  9.4902e-06
171  8.9343e-06
172  1.0064e-05
173  9.7918e-06
174  1.2780e-05
175  7.1908e-06
176  9.7868e-06
177  1.1278e-05
178  1.3545e-05
179  8.0586e-06
180  9.4857e-06
181  6.9833e-06
182  7.9701e-06
183  4.1819e-06
184  7.5159e-06
185  3.1930e-06
186  8.1307e-06
187  4.2777e-06
188  1.3795e-05
189  1.7853e-05
190  4.5904e-05
191  4.6569e-05
192  1.1368e-04
193  1.6485e-04
194  2.6453e-04
195  3.7671e-04
196  2.4842e-04
197  1.3933e-04
198  4.4457e-05
199  6.8425e-06
200  1.8795e-06
201  1.3790e-06
202  2.4096e-06
203  1.1053e-06
204  1.2488e-06
205  9.5012e-07
206  1.6006e-06
207  1.2733e-06
208  3.5528e-06
209  2.8962e-06
210  4.6518e-06
211  5.5156e-06
212  4.9964e-06
213  7.8091e-06
214  8.4967e-06
215  2.9584e-06
216  7.0374e-06
217  6.8968e-10
218  4.3819e-06
219  5.8587e-12
220  8.5349e-11
221  4.2806e-10
222  7.6398e-07
223  1.4616e-06
224  4.8194e-07
225  4.0507e-06
226  8.2710e-06
227  4.3173e-06
228  1.1660e-05
229  4.4753e-06
230  5.9053e-06
231  1.0340e-05
232  1.3557e-05
233  1.2168e-05
234  1.3975e-05
235  1.1469e-05
236  1.9303e-05
237  1.7876e-05
238  1.9231e-05
239  2.1063e-05
240  1.6727e-05
241  1.1809e-05
242  1.0822e-05
243  6.6366e-06
244  1.1031e-05
245  4.2312e-06
246  1.0703e-05
247  5.1997e-06
248  1.2218e-05
249  4.2280e-06
250  1.2829e-05
251  4.4666e-06
252  3.0095e-05
253  3.2286e-06
254  1.1966e-05
255  3.0486e-06
256  1.0584e-05
257  1.5768e-06
258  1.6577e-05
259  7.8236e-06
260  2.7051e-05
261  6.6008e-07
262  8.4656e-06
263  3.2652e-07
264  3.4918e-06
265  4.4625e-07
266  8.1824e-06
267  1.2457e-06
268  4.7913e-06
269  1.0325e-06
270  6.9418e-06
271  1.7046e-06
272  5.7517e-06
273  2.7877e-06
274  2.5446e-05
275  0.0000e+00
276  0.0000e+00
277  0.0000e+00
278  0.0000e+00
279  0.0000e+00
280  0.0000e+00
281  0.0000e+00
282  0.0000e+00
283  0.0000e+00
284  0.0000e+00
285  0.0000e+00
286  0.0000e+00
287  0.0000e+00
288  0.0000e+00
289  0.0000e+00
290  0.0000e+00
291  0.0000e+00
292  0.0000e+00
293  0.0000e+00

